  
 -12.000  -1.2564   0.01161   0.00756  -0.0333   0.9115   0.0170
 -11.900  -1.2480   0.01149   0.00742  -0.0324   0.9054   0.0172
 -11.800  -1.2399   0.01139   0.00729  -0.0314   0.8975   0.0173
 -11.700  -1.2307   0.01128   0.00717  -0.0306   0.8936   0.0175
 -11.600  -1.2208   0.01117   0.00704  -0.0300   0.8882   0.0177
 -11.500  -1.2109   0.01107   0.00692  -0.0293   0.8807   0.0178
 -11.400  -1.2005   0.01096   0.00680  -0.0287   0.8756   0.0179
 -11.300  -1.1899   0.01086   0.00668  -0.0282   0.8711   0.0181
 -11.200  -1.1794   0.01077   0.00657  -0.0276   0.8642   0.0182
 -11.100  -1.1687   0.01068   0.00645  -0.0271   0.8569   0.0183
 -11.000  -1.1578   0.01058   0.00635  -0.0266   0.8530   0.0184
 -10.900  -1.1469   0.01049   0.00624  -0.0262   0.8468   0.0186
 -10.800  -1.1359   0.01042   0.00614  -0.0257   0.8385   0.0186
 -10.700  -1.1248   0.01033   0.00604  -0.0253   0.8341   0.0187
 -10.600  -1.1137   0.01025   0.00594  -0.0248   0.8283   0.0188
 -10.500  -1.1026   0.01018   0.00585  -0.0244   0.8202   0.0189
 -10.400  -1.0912   0.01010   0.00575  -0.0240   0.8146   0.0189
 -10.300  -1.0799   0.01003   0.00566  -0.0236   0.8093   0.0190
 -10.200  -1.0686   0.00996   0.00558  -0.0232   0.8015   0.0190
 -10.100  -1.0575   0.00988   0.00547  -0.0228   0.7945   0.0192
 -10.000  -1.0464   0.00979   0.00537  -0.0224   0.7897   0.0195
  -9.900  -1.0354   0.00971   0.00527  -0.0220   0.7824   0.0199
  -9.800  -1.0242   0.00963   0.00517  -0.0216   0.7744   0.0201
  -9.700  -1.0129   0.00954   0.00508  -0.0212   0.7698   0.0204
  -9.600  -1.0016   0.00947   0.00499  -0.0209   0.7626   0.0206
  -9.500  -0.9903   0.00941   0.00490  -0.0205   0.7539   0.0208
  -9.400  -0.9787   0.00933   0.00481  -0.0202   0.7500   0.0210
  -9.300  -0.9672   0.00927   0.00473  -0.0199   0.7429   0.0212
  -9.200  -0.9557   0.00921   0.00465  -0.0196   0.7338   0.0214
  -9.100  -0.9441   0.00914   0.00458  -0.0193   0.7293   0.0216
  -9.000  -0.9324   0.00909   0.00450  -0.0190   0.7227   0.0217
  -8.900  -0.9208   0.00904   0.00443  -0.0187   0.7137   0.0218
  -8.800  -0.9089   0.00898   0.00436  -0.0185   0.7090   0.0220
  -8.700  -0.8971   0.00893   0.00429  -0.0182   0.7024   0.0220
  -8.600  -0.8854   0.00889   0.00423  -0.0180   0.6933   0.0221
  -8.500  -0.8738   0.00882   0.00415  -0.0177   0.6885   0.0225
  -8.400  -0.8622   0.00876   0.00407  -0.0174   0.6824   0.0229
  -8.300  -0.8507   0.00870   0.00400  -0.0171   0.6734   0.0233
  -8.200  -0.8390   0.00864   0.00392  -0.0169   0.6678   0.0236
  -8.100  -0.8272   0.00858   0.00386  -0.0167   0.6617   0.0239
  -8.000  -0.8156   0.00854   0.00379  -0.0164   0.6521   0.0242
  -7.900  -0.8038   0.00849   0.00373  -0.0162   0.6461   0.0245
  -7.800  -0.7920   0.00845   0.00367  -0.0160   0.6369   0.0247
  -7.700  -0.7802   0.00842   0.00361  -0.0158   0.6267   0.0249
  -7.600  -0.7684   0.00838   0.00355  -0.0156   0.6177   0.0251
  -7.500  -0.7566   0.00836   0.00350  -0.0154   0.6059   0.0252
  -7.400  -0.7448   0.00833   0.00345  -0.0152   0.5957   0.0253
  -7.300  -0.7329   0.00831   0.00339  -0.0150   0.5849   0.0254
  -7.200  -0.7212   0.00827   0.00333  -0.0148   0.5764   0.0259
  -7.100  -0.7095   0.00823   0.00327  -0.0146   0.5659   0.0264
  -7.000  -0.6976   0.00818   0.00322  -0.0144   0.5614   0.0270
  -6.900  -0.6858   0.00814   0.00316  -0.0142   0.5540   0.0274
  -6.800  -0.6739   0.00810   0.00311  -0.0140   0.5467   0.0277
  -6.700  -0.6619   0.00805   0.00306  -0.0139   0.5436   0.0281
  -6.600  -0.6498   0.00801   0.00301  -0.0138   0.5399   0.0284
  -6.500  -0.6378   0.00798   0.00297  -0.0136   0.5338   0.0287
  -6.400  -0.6257   0.00796   0.00293  -0.0135   0.5256   0.0288
  -6.300  -0.6136   0.00792   0.00288  -0.0134   0.5219   0.0290
  -6.200  -0.6016   0.00789   0.00283  -0.0132   0.5161   0.0296
  -6.100  -0.5898   0.00786   0.00279  -0.0131   0.5076   0.0303
  -6.000  -0.5778   0.00782   0.00274  -0.0129   0.5027   0.0309
  -5.900  -0.5657   0.00778   0.00269  -0.0128   0.4985   0.0313
  -5.800  -0.5537   0.00775   0.00265  -0.0127   0.4929   0.0318
  -5.700  -0.5417   0.00773   0.00261  -0.0126   0.4859   0.0322
  -5.600  -0.5295   0.00769   0.00257  -0.0125   0.4826   0.0324
  -5.500  -0.5172   0.00766   0.00254  -0.0125   0.4792   0.0326
  -5.400  -0.5051   0.00764   0.00250  -0.0124   0.4736   0.0330
  -5.300  -0.4932   0.00762   0.00247  -0.0122   0.4654   0.0338
  -5.200  -0.4811   0.00758   0.00242  -0.0122   0.4618   0.0346
  -5.100  -0.4691   0.00755   0.00238  -0.0121   0.4566   0.0353
  -5.000  -0.4571   0.00754   0.00235  -0.0119   0.4481   0.0358
  -4.900  -0.4449   0.00751   0.00232  -0.0119   0.4428   0.0363
  -4.800  -0.4327   0.00749   0.00229  -0.0118   0.4389   0.0367
  -4.700  -0.4206   0.00747   0.00226  -0.0117   0.4333   0.0373
  -4.600  -0.4087   0.00745   0.00223  -0.0117   0.4261   0.0384
  -4.500  -0.3965   0.00742   0.00219  -0.0116   0.4226   0.0392
  -4.400  -0.3843   0.00739   0.00216  -0.0115   0.4195   0.0400
  -4.300  -0.3722   0.00737   0.00213  -0.0115   0.4145   0.0406
  -4.200  -0.3601   0.00737   0.00211  -0.0114   0.4069   0.0410
  -4.100  -0.3478   0.00735   0.00208  -0.0114   0.4029   0.0414
  -4.000  -0.3357   0.00732   0.00205  -0.0113   0.3990   0.0427
  -3.900  -0.3237   0.00731   0.00203  -0.0112   0.3923   0.0438
  -3.800  -0.3117   0.00730   0.00200  -0.0112   0.3844   0.0447
  -3.700  -0.2994   0.00728   0.00198  -0.0111   0.3813   0.0454
  -3.600  -0.2873   0.00727   0.00196  -0.0111   0.3755   0.0460
  -3.500  -0.2753   0.00727   0.00194  -0.0110   0.3678   0.0475
  -3.400  -0.2632   0.00724   0.00191  -0.0110   0.3639   0.0491
  -3.300  -0.2510   0.00722   0.00189  -0.0110   0.3609   0.0502
  -3.200  -0.2388   0.00721   0.00187  -0.0109   0.3559   0.0509
  -3.100  -0.2268   0.00721   0.00186  -0.0109   0.3490   0.0519
  -3.000  -0.2146   0.00719   0.00183  -0.0108   0.3450   0.0538
  -2.900  -0.2024   0.00717   0.00181  -0.0108   0.3420   0.0552
  -2.800  -0.1903   0.00717   0.00180  -0.0108   0.3365   0.0563
  -2.700  -0.1782   0.00717   0.00179  -0.0107   0.3289   0.0573
  -2.600  -0.1661   0.00715   0.00177  -0.0107   0.3252   0.0600
  -2.500  -0.1540   0.00714   0.00175  -0.0107   0.3207   0.0617
  -2.300  -0.1300   0.00714   0.00173  -0.0106   0.3078   0.0660
  -2.200  -0.1178   0.00712   0.00171  -0.0106   0.3052   0.0681
  -2.100  -0.1056   0.00712   0.00170  -0.0106   0.3009   0.0694
  -2.000  -0.0937   0.00712   0.00169  -0.0105   0.2950   0.0727
  -1.900  -0.0816   0.00710   0.00168  -0.0105   0.2899   0.0755
  -1.800  -0.0693   0.00709   0.00166  -0.0105   0.2879   0.0784
  -1.700  -0.0574   0.00706   0.00165  -0.0104   0.2843   0.0832
  -1.600  -0.0453   0.00707   0.00165  -0.0104   0.2794   0.0862
  -1.500  -0.0335   0.00705   0.00164  -0.0103   0.2728   0.0917
  -1.400  -0.0213   0.00704   0.00162  -0.0103   0.2708   0.0960
  -1.300  -0.0094   0.00701   0.00161  -0.0103   0.2673   0.1022
  -1.200   0.0023   0.00700   0.00160  -0.0102   0.2624   0.1103
  -1.100   0.0140   0.00697   0.00159  -0.0101   0.2568   0.1213
  -1.000   0.0256   0.00691   0.00157  -0.0100   0.2541   0.1356
  -0.900   0.0371   0.00684   0.00154  -0.0099   0.2520   0.1542
  -0.800   0.0453   0.00653   0.00144  -0.0092   0.2494   0.2263
  -0.700   0.0563   0.00645   0.00142  -0.0091   0.2461   0.2484
  -0.600   0.0675   0.00639   0.00140  -0.0089   0.2420   0.2677
  -0.500   0.0790   0.00633   0.00138  -0.0088   0.2381   0.2853
  -0.400   0.0906   0.00626   0.00137  -0.0087   0.2372   0.3035
  -0.300   0.1025   0.00622   0.00136  -0.0087   0.2358   0.3165
  -0.200   0.1146   0.00621   0.00136  -0.0087   0.2337   0.3232
  -0.100   0.1263   0.00619   0.00136  -0.0086   0.2308   0.3357
  -0.000   0.1384   0.00619   0.00137  -0.0086   0.2278   0.3433
   0.100   0.1500   0.00615   0.00136  -0.0085   0.2236   0.3570
   0.200   0.1624   0.00615   0.00136  -0.0085   0.2216   0.3618
   0.300   0.1745   0.00612   0.00136  -0.0085   0.2207   0.3732
   0.400   0.1867   0.00611   0.00136  -0.0086   0.2195   0.3804
   0.500   0.1989   0.00610   0.00137  -0.0086   0.2180   0.3894
   0.600   0.2109   0.00609   0.00137  -0.0086   0.2163   0.3979
   0.700   0.2232   0.00610   0.00139  -0.0086   0.2143   0.4016
   0.800   0.2352   0.00609   0.00139  -0.0086   0.2122   0.4123
   0.900   0.2474   0.00609   0.00140  -0.0086   0.2098   0.4187
   1.000   0.2596   0.00608   0.00141  -0.0086   0.2074   0.4267
   1.100   0.2717   0.00606   0.00141  -0.0086   0.2063   0.4370
   1.200   0.2842   0.00606   0.00142  -0.0087   0.2058   0.4425
   1.300   0.2962   0.00603   0.00142  -0.0087   0.2052   0.4545
   1.400   0.3086   0.00603   0.00143  -0.0087   0.2043   0.4605
   1.500   0.3208   0.00602   0.00145  -0.0087   0.2032   0.4694
   1.600   0.3328   0.00602   0.00146  -0.0087   0.2015   0.4791
   1.700   0.3449   0.00602   0.00147  -0.0087   0.2000   0.4891
   1.800   0.3568   0.00601   0.00148  -0.0087   0.1982   0.5001
   1.900   0.3688   0.00600   0.00150  -0.0087   0.1964   0.5124
   2.000   0.3810   0.00600   0.00151  -0.0087   0.1945   0.5199
   2.100   0.3935   0.00601   0.00153  -0.0087   0.1926   0.5235
   2.200   0.4059   0.00602   0.00154  -0.0088   0.1916   0.5300
   2.300   0.4183   0.00601   0.00156  -0.0088   0.1913   0.5354
   2.400   0.4308   0.00602   0.00157  -0.0089   0.1910   0.5393
   2.500   0.4433   0.00603   0.00158  -0.0090   0.1905   0.5420
   2.600   0.4558   0.00605   0.00160  -0.0090   0.1897   0.5463
   2.700   0.4681   0.00605   0.00162  -0.0091   0.1887   0.5524
   2.800   0.4804   0.00607   0.00164  -0.0091   0.1876   0.5577
   2.900   0.4927   0.00609   0.00166  -0.0091   0.1861   0.5613
   3.000   0.5051   0.00612   0.00169  -0.0092   0.1846   0.5634
   3.100   0.5173   0.00614   0.00171  -0.0092   0.1831   0.5692
   3.200   0.5296   0.00616   0.00173  -0.0092   0.1813   0.5748
   3.300   0.5419   0.00617   0.00175  -0.0092   0.1796   0.5798
   3.400   0.5543   0.00619   0.00177  -0.0093   0.1781   0.5829
   3.500   0.5669   0.00621   0.00180  -0.0094   0.1776   0.5863
   3.600   0.5792   0.00621   0.00182  -0.0094   0.1773   0.5935
   3.700   0.5916   0.00622   0.00183  -0.0094   0.1770   0.5991
   3.800   0.6041   0.00623   0.00186  -0.0095   0.1765   0.6030
   4.000   0.6289   0.00627   0.00190  -0.0096   0.1750   0.6123
   4.100   0.6411   0.00628   0.00193  -0.0096   0.1739   0.6183
   4.200   0.6533   0.00631   0.00196  -0.0096   0.1727   0.6229
   4.300   0.6656   0.00634   0.00199  -0.0096   0.1715   0.6258
   4.400   0.6778   0.00637   0.00202  -0.0096   0.1702   0.6323
   4.500   0.6899   0.00639   0.00205  -0.0096   0.1687   0.6388
   4.600   0.7021   0.00641   0.00208  -0.0096   0.1670   0.6437
   4.700   0.7145   0.00644   0.00211  -0.0097   0.1654   0.6466
   4.800   0.7269   0.00646   0.00214  -0.0097   0.1645   0.6525
   4.900   0.7392   0.00647   0.00216  -0.0097   0.1643   0.6594
   5.000   0.7516   0.00648   0.00219  -0.0097   0.1640   0.6645
   5.100   0.7640   0.00651   0.00221  -0.0098   0.1636   0.6677
   5.200   0.7764   0.00652   0.00225  -0.0098   0.1631   0.6744
   5.300   0.7885   0.00654   0.00228  -0.0098   0.1623   0.6812
   5.400   0.8008   0.00656   0.00231  -0.0098   0.1616   0.6859
   5.500   0.8131   0.00660   0.00234  -0.0098   0.1606   0.6890
   5.600   0.8252   0.00663   0.00238  -0.0098   0.1595   0.6965
   5.700   0.8371   0.00666   0.00242  -0.0097   0.1582   0.7032
   5.800   0.8492   0.00670   0.00246  -0.0097   0.1569   0.7077
   5.900   0.8614   0.00674   0.00250  -0.0097   0.1550   0.7117
   6.000   0.8734   0.00676   0.00254  -0.0096   0.1534   0.7192
   6.100   0.8856   0.00679   0.00258  -0.0096   0.1522   0.7253
   6.200   0.8980   0.00681   0.00261  -0.0096   0.1520   0.7294
   6.300   0.9104   0.00684   0.00264  -0.0096   0.1518   0.7340
   6.400   0.9226   0.00685   0.00268  -0.0096   0.1515   0.7419
   6.500   0.9348   0.00687   0.00271  -0.0096   0.1511   0.7480
   6.600   0.9471   0.00691   0.00275  -0.0096   0.1506   0.7514
   6.700   0.9593   0.00694   0.00279  -0.0096   0.1498   0.7574
   6.800   0.9713   0.00697   0.00283  -0.0095   0.1489   0.7648
   6.900   0.9833   0.00701   0.00288  -0.0094   0.1479   0.7701
   7.100   1.0070   0.00710   0.00298  -0.0092   0.1453   0.7815
   7.200   1.0188   0.00714   0.00303  -0.0091   0.1437   0.7879
   7.300   1.0309   0.00719   0.00308  -0.0091   0.1421   0.7921
   7.400   1.0430   0.00723   0.00313  -0.0090   0.1408   0.7959
   7.500   1.0551   0.00725   0.00317  -0.0090   0.1405   0.8038
   7.600   1.0672   0.00728   0.00321  -0.0089   0.1403   0.8097
   7.700   1.0795   0.00731   0.00325  -0.0089   0.1400   0.8136
   7.800   1.0916   0.00735   0.00330  -0.0088   0.1395   0.8182
   7.900   1.1036   0.00738   0.00335  -0.0087   0.1389   0.8251
   8.000   1.1156   0.00742   0.00340  -0.0087   0.1382   0.8308
   8.100   1.1275   0.00747   0.00345  -0.0086   0.1373   0.8346
   8.200   1.1393   0.00752   0.00351  -0.0084   0.1364   0.8397
   8.300   1.1509   0.00757   0.00357  -0.0083   0.1352   0.8464
   8.400   1.1624   0.00763   0.00363  -0.0081   0.1339   0.8517
   8.500   1.1741   0.00770   0.00369  -0.0080   0.1324   0.8552
   8.600   1.1859   0.00775   0.00376  -0.0078   0.1308   0.8602
   8.700   1.1976   0.00779   0.00381  -0.0077   0.1298   0.8668
   8.800   1.2096   0.00783   0.00386  -0.0076   0.1296   0.8717
   8.900   1.2217   0.00787   0.00391  -0.0075   0.1293   0.8750
   9.000   1.2337   0.00792   0.00397  -0.0074   0.1289   0.8789
   9.100   1.2454   0.00796   0.00402  -0.0072   0.1284   0.8851
   9.200   1.2571   0.00801   0.00408  -0.0071   0.1277   0.8900
   9.300   1.2687   0.00807   0.00415  -0.0069   0.1268   0.8937
   9.400   1.2802   0.00814   0.00422  -0.0067   0.1258   0.8960
   9.500   1.2914   0.00821   0.00430  -0.0064   0.1247   0.9021
   9.600   1.3024   0.00828   0.00438  -0.0062   0.1234   0.9072
   9.700   1.3136   0.00836   0.00445  -0.0059   0.1219   0.9113
   9.800   1.3251   0.00843   0.00452  -0.0057   0.1204   0.9140
   9.900   1.3366   0.00849   0.00459  -0.0055   0.1195   0.9177
  10.000   1.3481   0.00853   0.00466  -0.0053   0.1193   0.9230
  10.100   1.3596   0.00858   0.00472  -0.0051   0.1189   0.9272
  10.200   1.3711   0.00864   0.00478  -0.0048   0.1185   0.9304
  10.300   1.3825   0.00871   0.00485  -0.0046   0.1178   0.9325
  10.400   1.3936   0.00878   0.00493  -0.0043   0.1170   0.9367
  10.500   1.4042   0.00886   0.00502  -0.0039   0.1160   0.9413
  10.600   1.4146   0.00895   0.00511  -0.0035   0.1148   0.9451
  10.700   1.4251   0.00905   0.00521  -0.0032   0.1134   0.9479
  10.800   1.4358   0.00915   0.00530  -0.0028   0.1119   0.9497
  10.900   1.4461   0.00922   0.00539  -0.0023   0.1105   0.9544
  11.000   1.4566   0.00929   0.00547  -0.0019   0.1099   0.9584
  11.100   1.4673   0.00935   0.00554  -0.0015   0.1096   0.9616
  11.200   1.4781   0.00942   0.00562  -0.0012   0.1092   0.9640
  11.300   1.4886   0.00950   0.00570  -0.0008   0.1085   0.9660
  11.400   1.4978   0.00958   0.00579  -0.0001   0.1077   0.9704
  11.500   1.5058   0.00968   0.00589   0.0008   0.1066   0.9744
  11.600   1.5141   0.00979   0.00600   0.0016   0.1056   0.9776
  11.700   1.5223   0.00991   0.00612   0.0024   0.1042   0.9801
  11.800   1.5302   0.01003   0.00624   0.0033   0.1026   0.9844
  11.900   1.5388   0.01013   0.00635   0.0041   0.1012   0.9879
  12.000   1.5482   0.01022   0.00644   0.0047   0.1009   0.9905
  12.100   1.5576   0.01031   0.00653   0.0053   0.1006   0.9924
  12.200   1.5698   0.01042   0.00665   0.0053   0.0999   0.9937
  12.300   1.5818   0.01054   0.00677   0.0054   0.0990   0.9948
  12.400   1.5930   0.01069   0.00691   0.0055   0.0979   0.9960
  12.500   1.6036   0.01085   0.00707   0.0058   0.0965   0.9972
  12.600   1.6141   0.01103   0.00724   0.0061   0.0948   0.9984
  12.700   1.6249   0.01118   0.00739   0.0063   0.0931   0.9994
  12.800   1.6358   0.01130   0.00751   0.0066   0.0925   1.0000
  12.900   1.6442   0.01142   0.00763   0.0073   0.0921   1.0000
  13.000   1.6528   0.01154   0.00776   0.0080   0.0914   1.0000
  13.100   1.6612   0.01169   0.00791   0.0087   0.0905   1.0000
  13.200   1.6692   0.01186   0.00808   0.0094   0.0894   1.0000
  13.300   1.6762   0.01206   0.00828   0.0103   0.0880   1.0000
  13.400   1.6833   0.01227   0.00848   0.0111   0.0865   1.0000
  13.500   1.6916   0.01244   0.00866   0.0117   0.0851   1.0000
  13.600   1.7008   0.01259   0.00881   0.0123   0.0846   1.0000
  13.700   1.7096   0.01275   0.00897   0.0128   0.0840   1.0000
  13.800   1.7178   0.01293   0.00916   0.0135   0.0832   1.0000
  13.900   1.7254   0.01315   0.00937   0.0142   0.0822   1.0000
  14.000   1.7327   0.01338   0.00961   0.0149   0.0810   1.0000
  14.100   1.7390   0.01365   0.00988   0.0157   0.0795   1.0000
  14.200   1.7460   0.01390   0.01013   0.0165   0.0779   1.0000
  14.300   1.7544   0.01410   0.01034   0.0170   0.0773   1.0000
  14.400   1.7628   0.01431   0.01054   0.0176   0.0767   1.0000
  14.500   1.7707   0.01454   0.01078   0.0182   0.0759   1.0000
  14.600   1.7767   0.01485   0.01109   0.0190   0.0747   1.0000
  14.700   1.7826   0.01517   0.01142   0.0197   0.0734   1.0000
  14.800   1.7887   0.01550   0.01175   0.0205   0.0719   1.0000
  14.900   1.7953   0.01580   0.01205   0.0211   0.0708   1.0000
  15.000   1.8027   0.01607   0.01233   0.0217   0.0702   1.0000
  15.100   1.8100   0.01636   0.01263   0.0223   0.0695   1.0000
  15.200   1.8162   0.01671   0.01298   0.0230   0.0683   1.0000
  15.300   1.8211   0.01712   0.01339   0.0237   0.0673   1.0000
  15.400   1.8255   0.01758   0.01385   0.0245   0.0658   1.0000
  15.500   1.8316   0.01794   0.01422   0.0251   0.0645   1.0000
  15.600   1.8378   0.01831   0.01460   0.0257   0.0640   1.0000
  15.700   1.8441   0.01868   0.01498   0.0262   0.0633   1.0000
  15.800   1.8498   0.01909   0.01540   0.0268   0.0624   1.0000
  15.900   1.8535   0.01963   0.01594   0.0275   0.0613   1.0000
  16.000   1.8573   0.02017   0.01649   0.0282   0.0602   1.0000
